1591341783.011120477 4.303909e+05 4.435538e+06 3.286500e+01 0.000000e+00 0.000000e+00 0.000000e+00 1.000000e+00
1591341784.011161640 4.303911e+05 4.435538e+06 3.286000e+01 0.000000e+00 0.000000e+00 0.000000e+00 1.000000e+00
1591341785.011114133 4.303913e+05 4.435538e+06 3.287700e+01 0.000000e+00 0.000000e+00 0.000000e+00 1.000000e+00
1591341786.011110854 4.303916e+05 4.435538e+06 3.285700e+01 0.000000e+00 0.000000e+00 0.000000e+00 1.000000e+00
1591341787.011110328 4.303919e+05 4.435537e+06 3.284700e+01 0.000000e+00 0.000000e+00 0.000000e+00 1.000000e+00
1591341788.011128741 4.303922e+05 4.435537e+06 3.288000e+01 0.000000e+00 0.000000e+00 0.000000e+00 1.000000e+00
1591341789.011131021 4.303926e+05 4.435537e+06 3.288800e+01 0.000000e+00 0.000000e+00 0.000000e+00 1.000000e+00
1591341790.011121915 4.303930e+05 4.435537e+06 3.283600e+01 0.000000e+00 0.000000e+00 0.000000e+00 1.000000e+00
1591341791.011108964 4.303933e+05 4.435536e+06 3.286400e+01 0.000000e+00 0.000000e+00 0.000000e+00 1.000000e+00
1591341792.011127147 4.303937e+05 4.435536e+06 3.287000e+01 0.000000e+00 0.000000e+00 0.000000e+00 1.000000e+00
1591341793.011139668 4.303941e+05 4.435536e+06 3.285300e+01 0.000000e+00 0.000000e+00 0.000000e+00 1.000000e+00
1591341794.011122411 4.303947e+05 4.435536e+06 3.287200e+01 0.000000e+00 0.000000e+00 0.000000e+00 1.000000e+00
1591341795.011153614 4.303952e+05 4.435536e+06 3.283700e+01 0.000000e+00 0.000000e+00 0.000000e+00 1.000000e+00
1591341796.011164455 4.303957e+05 4.435537e+06 3.285600e+01 0.000000e+00 0.000000e+00 0.000000e+00 1.000000e+00
1591341797.011162141 4.303961e+05 4.435537e+06 3.285200e+01 0.000000e+00 0.000000e+00 0.000000e+00 1.000000e+00
1591341798.011139806 4.303967e+05 4.435536e+06 3.285600e+01 0.000000e+00 0.000000e+00 0.000000e+00 1.000000e+00
1591341799.011150930 4.303972e+05 4.435537e+06 3.285300e+01 0.000000e+00 0.000000e+00 0.000000e+00 1.000000e+00
1591341800.011175450 4.303978e+05 4.435537e+06 3.284300e+01 0.000000e+00 0.000000e+00 0.000000e+00 1.000000e+00
1591341801.011136680 4.303983e+05 4.435537e+06 3.284700e+01 0.000000e+00 0.000000e+00 0.000000e+00 1.000000e+00
1591341802.011174776 4.303989e+05 4.435537e+06 3.285200e+01 0.000000e+00 0.000000e+00 0.000000e+00 1.000000e+00
1591341803.011212962 4.303994e+05 4.435537e+06 3.283400e+01 0.000000e+00 0.000000e+00 0.000000e+00 1.000000e+00
1591341804.011137593 4.304000e+05 4.435537e+06 3.285500e+01 0.000000e+00 0.000000e+00 0.000000e+00 1.000000e+00
1591341805.011175183 4.304005e+05 4.435537e+06 3.285600e+01 0.000000e+00 0.000000e+00 0.000000e+00 1.000000e+00
1591341806.011165217 4.304010e+05 4.435537e+06 3.287000e+01 0.000000e+00 0.000000e+00 0.000000e+00 1.000000e+00
1591341807.011153710 4.304016e+05 4.435537e+06 3.287200e+01 0.000000e+00 0.000000e+00 0.000000e+00 1.000000e+00
1591341808.011116765 4.304022e+05 4.435538e+06 3.288700e+01 0.000000e+00 0.000000e+00 0.000000e+00 1.000000e+00
1591341809.011097571 4.304027e+05 4.435538e+06 3.289400e+01 0.000000e+00 0.000000e+00 0.000000e+00 1.000000e+00
1591341810.011098647 4.304032e+05 4.435538e+06 3.285900e+01 0.000000e+00 0.000000e+00 0.000000e+00 1.000000e+00
1591341811.011141532 4.304037e+05 4.435539e+06 3.287100e+01 0.000000e+00 0.000000e+00 0.000000e+00 1.000000e+00
1591341812.011142240 4.304040e+05 4.435539e+06 3.285000e+01 0.000000e+00 0.000000e+00 0.000000e+00 1.000000e+00
1591341813.011135313 4.304044e+05 4.435539e+06 3.288500e+01 0.000000e+00 0.000000e+00 0.000000e+00 1.000000e+00
1591341814.011137230 4.304048e+05 4.435540e+06 3.287400e+01 0.000000e+00 0.000000e+00 0.000000e+00 1.000000e+00
1591341815.011132664 4.304050e+05 4.435540e+06 3.287900e+01 0.000000e+00 0.000000e+00 0.000000e+00 1.000000e+00
1591341816.011140921 4.304052e+05 4.435540e+06 3.288900e+01 0.000000e+00 0.000000e+00 0.000000e+00 1.000000e+00
1591341817.011165579 4.304053e+05 4.435541e+06 3.288100e+01 0.000000e+00 0.000000e+00 0.000000e+00 1.000000e+00
1591341818.011129974 4.304055e+05 4.435541e+06 3.288800e+01 0.000000e+00 0.000000e+00 0.000000e+00 1.000000e+00
1591341819.011105652 4.304058e+05 4.435541e+06 3.291100e+01 0.000000e+00 0.000000e+00 0.000000e+00 1.000000e+00
1591341820.011102054 4.304061e+05 4.435542e+06 3.285200e+01 0.000000e+00 0.000000e+00 0.000000e+00 1.000000e+00
1591341821.011120340 4.304064e+05 4.435542e+06 3.291100e+01 0.000000e+00 0.000000e+00 0.000000e+00 1.000000e+00
1591341822.011124588 4.304066e+05 4.435543e+06 3.289200e+01 0.000000e+00 0.000000e+00 0.000000e+00 1.000000e+00
1591341823.011128053 4.304068e+05 4.435543e+06 3.289600e+01 0.000000e+00 0.000000e+00 0.000000e+00 1.000000e+00
1591341824.011108400 4.304071e+05 4.435544e+06 3.290700e+01 0.000000e+00 0.000000e+00 0.000000e+00 1.000000e+00
1591341825.011101542 4.304072e+05 4.435544e+06 3.293200e+01 0.000000e+00 0.000000e+00 0.000000e+00 1.000000e+00
1591341826.011140477 4.304072e+05 4.435544e+06 3.291100e+01 0.000000e+00 0.000000e+00 0.000000e+00 1.000000e+00
1591341827.011158992 4.304072e+05 4.435544e+06 3.291800e+01 0.000000e+00 0.000000e+00 0.000000e+00 1.000000e+00
1591341828.011122022 4.304073e+05 4.435544e+06 3.289700e+01 0.000000e+00 0.000000e+00 0.000000e+00 1.000000e+00
1591341829.011103039 4.304075e+05 4.435544e+06 3.289100e+01 0.000000e+00 0.000000e+00 0.000000e+00 1.000000e+00
1591341830.011137765 4.304079e+05 4.435545e+06 3.291800e+01 0.000000e+00 0.000000e+00 0.000000e+00 1.000000e+00
1591341831.011142442 4.304083e+05 4.435545e+06 3.291900e+01 0.000000e+00 0.000000e+00 0.000000e+00 1.000000e+00
1591341832.011150893 4.304087e+05 4.435545e+06 3.284000e+01 0.000000e+00 0.000000e+00 0.000000e+00 1.000000e+00
1591341833.011138165 4.304092e+05 4.435545e+06 3.289100e+01 0.000000e+00 0.000000e+00 0.000000e+00 1.000000e+00
1591341834.011141668 4.304098e+05 4.435546e+06 3.282000e+01 0.000000e+00 0.000000e+00 0.000000e+00 1.000000e+00
1591341835.011126357 4.304104e+05 4.435546e+06 3.283700e+01 0.000000e+00 0.000000e+00 0.000000e+00 1.000000e+00
1591341836.011122946 4.304110e+05 4.435546e+06 3.286200e+01 0.000000e+00 0.000000e+00 0.000000e+00 1.000000e+00
1591341837.011154880 4.304115e+05 4.435546e+06 3.284600e+01 0.000000e+00 0.000000e+00 0.000000e+00 1.000000e+00
1591341838.011124640 4.304120e+05 4.435546e+06 3.285200e+01 0.000000e+00 0.000000e+00 0.000000e+00 1.000000e+00
1591341839.011095106 4.304125e+05 4.435546e+06 3.283000e+01 0.000000e+00 0.000000e+00 0.000000e+00 1.000000e+00
1591341840.011140335 4.304131e+05 4.435547e+06 3.286400e+01 0.000000e+00 0.000000e+00 0.000000e+00 1.000000e+00
1591341841.011128732 4.304137e+05 4.435547e+06 3.287000e+01 0.000000e+00 0.000000e+00 0.000000e+00 1.000000e+00
1591341842.011141301 4.304143e+05 4.435547e+06 3.284400e+01 0.000000e+00 0.000000e+00 0.000000e+00 1.000000e+00
1591341843.011136658 4.304150e+05 4.435547e+06 3.285500e+01 0.000000e+00 0.000000e+00 0.000000e+00 1.000000e+00
1591341844.011116954 4.304156e+05 4.435547e+06 3.283400e+01 0.000000e+00 0.000000e+00 0.000000e+00 1.000000e+00
1591341845.011102010 4.304162e+05 4.435548e+06 3.285000e+01 0.000000e+00 0.000000e+00 0.000000e+00 1.000000e+00
1591341846.011113370 4.304168e+05 4.435548e+06 3.284500e+01 0.000000e+00 0.000000e+00 0.000000e+00 1.000000e+00
1591341847.011127164 4.304173e+05 4.435548e+06 3.283800e+01 0.000000e+00 0.000000e+00 0.000000e+00 1.000000e+00
1591341848.011130289 4.304179e+05 4.435548e+06 3.282800e+01 0.000000e+00 0.000000e+00 0.000000e+00 1.000000e+00
1591341849.011163151 4.304184e+05 4.435548e+06 3.283200e+01 0.000000e+00 0.000000e+00 0.000000e+00 1.000000e+00
1591341850.011176159 4.304190e+05 4.435549e+06 3.285400e+01 0.000000e+00 0.000000e+00 0.000000e+00 1.000000e+00
1591341851.011127278 4.304194e+05 4.435549e+06 3.281200e+01 0.000000e+00 0.000000e+00 0.000000e+00 1.000000e+00
1591341852.011124663 4.304199e+05 4.435549e+06 3.284000e+01 0.000000e+00 0.000000e+00 0.000000e+00 1.000000e+00
1591341853.011127889 4.304204e+05 4.435550e+06 3.279500e+01 0.000000e+00 0.000000e+00 0.000000e+00 1.000000e+00
1591341854.011111195 4.304207e+05 4.435550e+06 3.278300e+01 0.000000e+00 0.000000e+00 0.000000e+00 1.000000e+00
1591341855.011168941 4.304210e+05 4.435551e+06 3.279300e+01 0.000000e+00 0.000000e+00 0.000000e+00 1.000000e+00
1591341856.011166337 4.304211e+05 4.435551e+06 3.275800e+01 0.000000e+00 0.000000e+00 0.000000e+00 1.000000e+00
1591341857.011133584 4.304212e+05 4.435552e+06 3.272900e+01 0.000000e+00 0.000000e+00 0.000000e+00 1.000000e+00
1591341858.011128779 4.304214e+05 4.435553e+06 3.272900e+01 0.000000e+00 0.000000e+00 0.000000e+00 1.000000e+00
1591341859.011164032 4.304215e+05 4.435553e+06 3.275500e+01 0.000000e+00 0.000000e+00 0.000000e+00 1.000000e+00
1591341860.011116424 4.304214e+05 4.435554e+06 3.276300e+01 0.000000e+00 0.000000e+00 0.000000e+00 1.000000e+00
1591341861.011137012 4.304213e+05 4.435554e+06 3.274000e+01 0.000000e+00 0.000000e+00 0.000000e+00 1.000000e+00
1591341862.011106037 4.304210e+05 4.435555e+06 3.276800e+01 0.000000e+00 0.000000e+00 0.000000e+00 1.000000e+00
1591341863.011134216 4.304207e+05 4.435555e+06 3.273700e+01 0.000000e+00 0.000000e+00 0.000000e+00 1.000000e+00
1591341864.011179988 4.304204e+05 4.435556e+06 3.275400e+01 0.000000e+00 0.000000e+00 0.000000e+00 1.000000e+00
1591341865.011166109 4.304200e+05 4.435556e+06 3.264300e+01 0.000000e+00 0.000000e+00 0.000000e+00 1.000000e+00
1591341866.011152618 4.304195e+05 4.435556e+06 3.274800e+01 0.000000e+00 0.000000e+00 0.000000e+00 1.000000e+00
1591341867.011122129 4.304191e+05 4.435556e+06 3.269600e+01 0.000000e+00 0.000000e+00 0.000000e+00 1.000000e+00
1591341868.011128818 4.304186e+05 4.435557e+06 3.265600e+01 0.000000e+00 0.000000e+00 0.000000e+00 1.000000e+00
1591341869.011112774 4.304181e+05 4.435557e+06 3.268700e+01 0.000000e+00 0.000000e+00 0.000000e+00 1.000000e+00
1591341870.011128937 4.304176e+05 4.435557e+06 3.268600e+01 0.000000e+00 0.000000e+00 0.000000e+00 1.000000e+00
1591341871.011098640 4.304170e+05 4.435557e+06 3.268300e+01 0.000000e+00 0.000000e+00 0.000000e+00 1.000000e+00
1591341872.011122544 4.304165e+05 4.435557e+06 3.268300e+01 0.000000e+00 0.000000e+00 0.000000e+00 1.000000e+00
1591341873.011132301 4.304160e+05 4.435557e+06 3.270200e+01 0.000000e+00 0.000000e+00 0.000000e+00 1.000000e+00
1591341874.011146267 4.304155e+05 4.435557e+06 3.270100e+01 0.000000e+00 0.000000e+00 0.000000e+00 1.000000e+00
1591341875.011152651 4.304151e+05 4.435556e+06 3.273500e+01 0.000000e+00 0.000000e+00 0.000000e+00 1.000000e+00
1591341876.011113446 4.304148e+05 4.435556e+06 3.276300e+01 0.000000e+00 0.000000e+00 0.000000e+00 1.000000e+00
1591341877.011121660 4.304146e+05 4.435555e+06 3.281500e+01 0.000000e+00 0.000000e+00 0.000000e+00 1.000000e+00
1591341878.011129483 4.304145e+05 4.435555e+06 3.291700e+01 0.000000e+00 0.000000e+00 0.000000e+00 1.000000e+00
1591341879.011140154 4.304144e+05 4.435554e+06 3.300200e+01 0.000000e+00 0.000000e+00 0.000000e+00 1.000000e+00
1591341880.011111207 4.304144e+05 4.435554e+06 3.306400e+01 0.000000e+00 0.000000e+00 0.000000e+00 1.000000e+00
1591341881.011138282 4.304144e+05 4.435553e+06 3.313200e+01 0.000000e+00 0.000000e+00 0.000000e+00 1.000000e+00
1591341882.011135219 4.304144e+05 4.435553e+06 3.317400e+01 0.000000e+00 0.000000e+00 0.000000e+00 1.000000e+00
1591341883.011123697 4.304144e+05 4.435553e+06 3.316200e+01 0.000000e+00 0.000000e+00 0.000000e+00 1.000000e+00
1591341884.011156682 4.304144e+05 4.435552e+06 3.323000e+01 0.000000e+00 0.000000e+00 0.000000e+00 1.000000e+00
1591341885.011146727 4.304145e+05 4.435551e+06 3.320900e+01 0.000000e+00 0.000000e+00 0.000000e+00 1.000000e+00
1591341886.011161886 4.304146e+05 4.435551e+06 3.312000e+01 0.000000e+00 0.000000e+00 0.000000e+00 1.000000e+00
1591341887.011115048 4.304148e+05 4.435551e+06 3.312800e+01 0.000000e+00 0.000000e+00 0.000000e+00 1.000000e+00
1591341888.011353782 4.304149e+05 4.435550e+06 3.295500e+01 0.000000e+00 0.000000e+00 0.000000e+00 1.000000e+00
1591341889.011117951 4.304149e+05 4.435549e+06 3.296500e+01 0.000000e+00 0.000000e+00 0.000000e+00 1.000000e+00
1591341890.011227964 4.304149e+05 4.435549e+06 3.290100e+01 0.000000e+00 0.000000e+00 0.000000e+00 1.000000e+00
1591341891.011134415 4.304148e+05 4.435548e+06 3.290200e+01 0.000000e+00 0.000000e+00 0.000000e+00 1.000000e+00
1591341892.011129873 4.304146e+05 4.435548e+06 3.282400e+01 0.000000e+00 0.000000e+00 0.000000e+00 1.000000e+00
1591341893.011176127 4.304143e+05 4.435547e+06 3.287600e+01 0.000000e+00 0.000000e+00 0.000000e+00 1.000000e+00
1591341894.011135407 4.304139e+05 4.435547e+06 3.283500e+01 0.000000e+00 0.000000e+00 0.000000e+00 1.000000e+00
1591341895.011124092 4.304134e+05 4.435547e+06 3.285700e+01 0.000000e+00 0.000000e+00 0.000000e+00 1.000000e+00
1591341896.011174105 4.304129e+05 4.435547e+06 3.283300e+01 0.000000e+00 0.000000e+00 0.000000e+00 1.000000e+00
1591341897.011127695 4.304124e+05 4.435546e+06 3.285000e+01 0.000000e+00 0.000000e+00 0.000000e+00 1.000000e+00
1591341898.011118516 4.304118e+05 4.435546e+06 3.280500e+01 0.000000e+00 0.000000e+00 0.000000e+00 1.000000e+00
1591341899.011136850 4.304112e+05 4.435546e+06 3.284400e+01 0.000000e+00 0.000000e+00 0.000000e+00 1.000000e+00
1591341900.011136068 4.304107e+05 4.435546e+06 3.281900e+01 0.000000e+00 0.000000e+00 0.000000e+00 1.000000e+00
1591341901.011117956 4.304101e+05 4.435546e+06 3.284400e+01 0.000000e+00 0.000000e+00 0.000000e+00 1.000000e+00
1591341902.011148062 4.304096e+05 4.435546e+06 3.286200e+01 0.000000e+00 0.000000e+00 0.000000e+00 1.000000e+00
1591341903.011123524 4.304090e+05 4.435545e+06 3.285600e+01 0.000000e+00 0.000000e+00 0.000000e+00 1.000000e+00
1591341904.011142455 4.304085e+05 4.435545e+06 3.283900e+01 0.000000e+00 0.000000e+00 0.000000e+00 1.000000e+00
1591341905.011147748 4.304080e+05 4.435545e+06 3.284000e+01 0.000000e+00 0.000000e+00 0.000000e+00 1.000000e+00
1591341906.011147515 4.304077e+05 4.435545e+06 3.285900e+01 0.000000e+00 0.000000e+00 0.000000e+00 1.000000e+00
1591341907.011124121 4.304073e+05 4.435544e+06 3.287300e+01 0.000000e+00 0.000000e+00 0.000000e+00 1.000000e+00
1591341908.011135553 4.304070e+05 4.435544e+06 3.285300e+01 0.000000e+00 0.000000e+00 0.000000e+00 1.000000e+00
1591341909.011145509 4.304067e+05 4.435543e+06 3.289700e+01 0.000000e+00 0.000000e+00 0.000000e+00 1.000000e+00
1591341910.011149775 4.304063e+05 4.435543e+06 3.292700e+01 0.000000e+00 0.000000e+00 0.000000e+00 1.000000e+00
1591341911.011166006 4.304061e+05 4.435542e+06 3.289000e+01 0.000000e+00 0.000000e+00 0.000000e+00 1.000000e+00
1591341912.011152853 4.304058e+05 4.435542e+06 3.291600e+01 0.000000e+00 0.000000e+00 0.000000e+00 1.000000e+00
1591341913.011138548 4.304055e+05 4.435541e+06 3.287700e+01 0.000000e+00 0.000000e+00 0.000000e+00 1.000000e+00
1591341914.011159070 4.304053e+05 4.435541e+06 3.289400e+01 0.000000e+00 0.000000e+00 0.000000e+00 1.000000e+00
1591341915.011164027 4.304050e+05 4.435540e+06 3.287000e+01 0.000000e+00 0.000000e+00 0.000000e+00 1.000000e+00
1591341916.011149772 4.304047e+05 4.435540e+06 3.288600e+01 0.000000e+00 0.000000e+00 0.000000e+00 1.000000e+00
1591341917.011142415 4.304044e+05 4.435539e+06 3.286700e+01 0.000000e+00 0.000000e+00 0.000000e+00 1.000000e+00
1591341918.011152796 4.304039e+05 4.435539e+06 3.289100e+01 0.000000e+00 0.000000e+00 0.000000e+00 1.000000e+00
1591341919.011128973 4.304035e+05 4.435539e+06 3.286300e+01 0.000000e+00 0.000000e+00 0.000000e+00 1.000000e+00
1591341920.011128220 4.304031e+05 4.435538e+06 3.288600e+01 0.000000e+00 0.000000e+00 0.000000e+00 1.000000e+00
1591341921.011151970 4.304026e+05 4.435538e+06 3.284500e+01 0.000000e+00 0.000000e+00 0.000000e+00 1.000000e+00
1591341922.011120920 4.304021e+05 4.435538e+06 3.288800e+01 0.000000e+00 0.000000e+00 0.000000e+00 1.000000e+00
1591341923.011134481 4.304016e+05 4.435538e+06 3.284200e+01 0.000000e+00 0.000000e+00 0.000000e+00 1.000000e+00
1591341924.011153033 4.304010e+05 4.435537e+06 3.286400e+01 0.000000e+00 0.000000e+00 0.000000e+00 1.000000e+00
1591341925.011119971 4.304004e+05 4.435537e+06 3.281900e+01 0.000000e+00 0.000000e+00 0.000000e+00 1.000000e+00
1591341926.011155607 4.303998e+05 4.435537e+06 3.287100e+01 0.000000e+00 0.000000e+00 0.000000e+00 1.000000e+00
1591341927.011157158 4.303992e+05 4.435537e+06 3.285300e+01 0.000000e+00 0.000000e+00 0.000000e+00 1.000000e+00
1591341928.011156000 4.303986e+05 4.435537e+06 3.282400e+01 0.000000e+00 0.000000e+00 0.000000e+00 1.000000e+00
1591341929.011146172 4.303980e+05 4.435537e+06 3.285600e+01 0.000000e+00 0.000000e+00 0.000000e+00 1.000000e+00
1591341930.011185641 4.303975e+05 4.435537e+06 3.282000e+01 0.000000e+00 0.000000e+00 0.000000e+00 1.000000e+00
1591341931.011128333 4.303969e+05 4.435536e+06 3.286800e+01 0.000000e+00 0.000000e+00 0.000000e+00 1.000000e+00
1591341932.011144458 4.303964e+05 4.435536e+06 3.283800e+01 0.000000e+00 0.000000e+00 0.000000e+00 1.000000e+00
1591341933.011126614 4.303960e+05 4.435536e+06 3.285300e+01 0.000000e+00 0.000000e+00 0.000000e+00 1.000000e+00
1591341934.011133766 4.303955e+05 4.435536e+06 3.284700e+01 0.000000e+00 0.000000e+00 0.000000e+00 1.000000e+00
1591341935.011133972 4.303951e+05 4.435536e+06 3.282400e+01 0.000000e+00 0.000000e+00 0.000000e+00 1.000000e+00
1591341936.011115114 4.303948e+05 4.435535e+06 3.285300e+01 0.000000e+00 0.000000e+00 0.000000e+00 1.000000e+00
1591341937.011125695 4.303945e+05 4.435535e+06 3.283600e+01 0.000000e+00 0.000000e+00 0.000000e+00 1.000000e+00
1591341938.011143693 4.303942e+05 4.435534e+06 3.286900e+01 0.000000e+00 0.000000e+00 0.000000e+00 1.000000e+00
1591341939.011124340 4.303941e+05 4.435534e+06 3.286600e+01 0.000000e+00 0.000000e+00 0.000000e+00 1.000000e+00
1591341940.011149394 4.303940e+05 4.435533e+06 3.282500e+01 0.000000e+00 0.000000e+00 0.000000e+00 1.000000e+00
1591341941.011150286 4.303940e+05 4.435532e+06 3.281200e+01 0.000000e+00 0.000000e+00 0.000000e+00 1.000000e+00
1591341942.011109818 4.303938e+05 4.435532e+06 3.273500e+01 0.000000e+00 0.000000e+00 0.000000e+00 1.000000e+00
1591341943.011127343 4.303935e+05 4.435531e+06 3.272100e+01 0.000000e+00 0.000000e+00 0.000000e+00 1.000000e+00
1591341944.011122882 4.303932e+05 4.435531e+06 3.268600e+01 0.000000e+00 0.000000e+00 0.000000e+00 1.000000e+00
1591341945.011165234 4.303928e+05 4.435530e+06 3.271700e+01 0.000000e+00 0.000000e+00 0.000000e+00 1.000000e+00
1591341946.011113135 4.303923e+05 4.435530e+06 3.267000e+01 0.000000e+00 0.000000e+00 0.000000e+00 1.000000e+00
1591341947.011125867 4.303918e+05 4.435530e+06 3.267700e+01 0.000000e+00 0.000000e+00 0.000000e+00 1.000000e+00
1591341948.011131524 4.303913e+05 4.435529e+06 3.263500e+01 0.000000e+00 0.000000e+00 0.000000e+00 1.000000e+00
1591341949.011117631 4.303908e+05 4.435529e+06 3.266500e+01 0.000000e+00 0.000000e+00 0.000000e+00 1.000000e+00
1591341950.011138276 4.303902e+05 4.435529e+06 3.264300e+01 0.000000e+00 0.000000e+00 0.000000e+00 1.000000e+00
1591341951.011125448 4.303896e+05 4.435529e+06 3.263300e+01 0.000000e+00 0.000000e+00 0.000000e+00 1.000000e+00
1591341952.011228476 4.303890e+05 4.435529e+06 3.265300e+01 0.000000e+00 0.000000e+00 0.000000e+00 1.000000e+00
1591341953.011163275 4.303884e+05 4.435529e+06 3.263000e+01 0.000000e+00 0.000000e+00 0.000000e+00 1.000000e+00
1591341954.011127687 4.303878e+05 4.435529e+06 3.261100e+01 0.000000e+00 0.000000e+00 0.000000e+00 1.000000e+00
1591341955.011139159 4.303871e+05 4.435529e+06 3.261300e+01 0.000000e+00 0.000000e+00 0.000000e+00 1.000000e+00
1591341956.011128815 4.303865e+05 4.435529e+06 3.260700e+01 0.000000e+00 0.000000e+00 0.000000e+00 1.000000e+00
1591341957.011131652 4.303859e+05 4.435529e+06 3.264400e+01 0.000000e+00 0.000000e+00 0.000000e+00 1.000000e+00
1591341958.011133644 4.303853e+05 4.435528e+06 3.259800e+01 0.000000e+00 0.000000e+00 0.000000e+00 1.000000e+00
1591341959.011131301 4.303848e+05 4.435528e+06 3.260700e+01 0.000000e+00 0.000000e+00 0.000000e+00 1.000000e+00
1591341960.011151684 4.303843e+05 4.435528e+06 3.257200e+01 0.000000e+00 0.000000e+00 0.000000e+00 1.000000e+00
1591341961.011160283 4.303837e+05 4.435528e+06 3.260500e+01 0.000000e+00 0.000000e+00 0.000000e+00 1.000000e+00
1591341962.011145351 4.303832e+05 4.435528e+06 3.260600e+01 0.000000e+00 0.000000e+00 0.000000e+00 1.000000e+00
1591341963.011132670 4.303826e+05 4.435528e+06 3.264800e+01 0.000000e+00 0.000000e+00 0.000000e+00 1.000000e+00
1591341964.011120017 4.303821e+05 4.435528e+06 3.258800e+01 0.000000e+00 0.000000e+00 0.000000e+00 1.000000e+00
1591341965.011135878 4.303815e+05 4.435528e+06 3.260600e+01 0.000000e+00 0.000000e+00 0.000000e+00 1.000000e+00
1591341966.011113311 4.303808e+05 4.435528e+06 3.258300e+01 0.000000e+00 0.000000e+00 0.000000e+00 1.000000e+00
1591341967.011158159 4.303801e+05 4.435528e+06 3.259500e+01 0.000000e+00 0.000000e+00 0.000000e+00 1.000000e+00
1591341968.011141862 4.303794e+05 4.435528e+06 3.260100e+01 0.000000e+00 0.000000e+00 0.000000e+00 1.000000e+00
1591341969.011141480 4.303788e+05 4.435528e+06 3.259100e+01 0.000000e+00 0.000000e+00 0.000000e+00 1.000000e+00
1591341970.011135118 4.303781e+05 4.435528e+06 3.257900e+01 0.000000e+00 0.000000e+00 0.000000e+00 1.000000e+00
1591341971.011150505 4.303775e+05 4.435528e+06 3.261500e+01 0.000000e+00 0.000000e+00 0.000000e+00 1.000000e+00
1591341972.011139877 4.303769e+05 4.435528e+06 3.253300e+01 0.000000e+00 0.000000e+00 0.000000e+00 1.000000e+00
1591341973.011254805 4.303762e+05 4.435528e+06 3.253600e+01 0.000000e+00 0.000000e+00 0.000000e+00 1.000000e+00
1591341974.011128262 4.303756e+05 4.435528e+06 3.251400e+01 0.000000e+00 0.000000e+00 0.000000e+00 1.000000e+00
1591341975.011149020 4.303749e+05 4.435528e+06 3.249700e+01 0.000000e+00 0.000000e+00 0.000000e+00 1.000000e+00
1591341976.011142564 4.303743e+05 4.435528e+06 3.252700e+01 0.000000e+00 0.000000e+00 0.000000e+00 1.000000e+00
1591341977.011120486 4.303738e+05 4.435528e+06 3.246800e+01 0.000000e+00 0.000000e+00 0.000000e+00 1.000000e+00
1591341978.011128834 4.303732e+05 4.435527e+06 3.249600e+01 0.000000e+00 0.000000e+00 0.000000e+00 1.000000e+00
1591341979.011171329 4.303726e+05 4.435527e+06 3.242000e+01 0.000000e+00 0.000000e+00 0.000000e+00 1.000000e+00
1591341980.011173881 4.303720e+05 4.435527e+06 3.251000e+01 0.000000e+00 0.000000e+00 0.000000e+00 1.000000e+00
1591341981.011120864 4.303713e+05 4.435527e+06 3.244800e+01 0.000000e+00 0.000000e+00 0.000000e+00 1.000000e+00
1591341982.011151954 4.303707e+05 4.435527e+06 3.250200e+01 0.000000e+00 0.000000e+00 0.000000e+00 1.000000e+00
1591341983.011131006 4.303701e+05 4.435527e+06 3.242000e+01 0.000000e+00 0.000000e+00 0.000000e+00 1.000000e+00
1591341984.011108104 4.303695e+05 4.435527e+06 3.245400e+01 0.000000e+00 0.000000e+00 0.000000e+00 1.000000e+00
1591341985.011136445 4.303689e+05 4.435528e+06 3.249400e+01 0.000000e+00 0.000000e+00 0.000000e+00 1.000000e+00
1591341986.011138279 4.303685e+05 4.435528e+06 3.244400e+01 0.000000e+00 0.000000e+00 0.000000e+00 1.000000e+00
1591341987.011113274 4.303680e+05 4.435528e+06 3.246800e+01 0.000000e+00 0.000000e+00 0.000000e+00 1.000000e+00
1591341988.011145155 4.303674e+05 4.435528e+06 3.245000e+01 0.000000e+00 0.000000e+00 0.000000e+00 1.000000e+00
1591341989.011147835 4.303669e+05 4.435528e+06 3.247100e+01 0.000000e+00 0.000000e+00 0.000000e+00 1.000000e+00
1591341990.011144946 4.303664e+05 4.435528e+06 3.246400e+01 0.000000e+00 0.000000e+00 0.000000e+00 1.000000e+00
1591341991.011098781 4.303660e+05 4.435528e+06 3.245000e+01 0.000000e+00 0.000000e+00 0.000000e+00 1.000000e+00
1591341992.011115095 4.303656e+05 4.435527e+06 3.247400e+01 0.000000e+00 0.000000e+00 0.000000e+00 1.000000e+00
1591341993.011108527 4.303651e+05 4.435527e+06 3.246400e+01 0.000000e+00 0.000000e+00 0.000000e+00 1.000000e+00
1591341994.011136042 4.303646e+05 4.435527e+06 3.247400e+01 0.000000e+00 0.000000e+00 0.000000e+00 1.000000e+00
1591341995.011097480 4.303640e+05 4.435527e+06 3.245700e+01 0.000000e+00 0.000000e+00 0.000000e+00 1.000000e+00
1591341996.011142303 4.303635e+05 4.435527e+06 3.248200e+01 0.000000e+00 0.000000e+00 0.000000e+00 1.000000e+00
1591341997.011111603 4.303630e+05 4.435527e+06 3.247500e+01 0.000000e+00 0.000000e+00 0.000000e+00 1.000000e+00
1591341998.011130624 4.303625e+05 4.435527e+06 3.249200e+01 0.000000e+00 0.000000e+00 0.000000e+00 1.000000e+00
1591341999.011146901 4.303620e+05 4.435527e+06 3.246800e+01 0.000000e+00 0.000000e+00 0.000000e+00 1.000000e+00
1591342000.011154662 4.303615e+05 4.435527e+06 3.246200e+01 0.000000e+00 0.000000e+00 0.000000e+00 1.000000e+00
1591342001.011148882 4.303611e+05 4.435528e+06 3.248800e+01 0.000000e+00 0.000000e+00 0.000000e+00 1.000000e+00
1591342002.011165793 4.303607e+05 4.435528e+06 3.248600e+01 0.000000e+00 0.000000e+00 0.000000e+00 1.000000e+00
1591342003.011139444 4.303604e+05 4.435528e+06 3.252200e+01 0.000000e+00 0.000000e+00 0.000000e+00 1.000000e+00
1591342004.011117600 4.303602e+05 4.435529e+06 3.254200e+01 0.000000e+00 0.000000e+00 0.000000e+00 1.000000e+00
1591342005.011142945 4.303600e+05 4.435529e+06 3.255200e+01 0.000000e+00 0.000000e+00 0.000000e+00 1.000000e+00
1591342006.011101107 4.303597e+05 4.435529e+06 3.254500e+01 0.000000e+00 0.000000e+00 0.000000e+00 1.000000e+00
1591342007.011139880 4.303594e+05 4.435530e+06 3.254000e+01 0.000000e+00 0.000000e+00 0.000000e+00 1.000000e+00
1591342008.011145584 4.303590e+05 4.435530e+06 3.253400e+01 0.000000e+00 0.000000e+00 0.000000e+00 1.000000e+00
1591342009.011136272 4.303585e+05 4.435531e+06 3.255800e+01 0.000000e+00 0.000000e+00 0.000000e+00 1.000000e+00
1591342010.011184415 4.303580e+05 4.435531e+06 3.255300e+01 0.000000e+00 0.000000e+00 0.000000e+00 1.000000e+00
1591342011.011171869 4.303575e+05 4.435531e+06 3.257100e+01 0.000000e+00 0.000000e+00 0.000000e+00 1.000000e+00
1591342012.011106291 4.303570e+05 4.435531e+06 3.253600e+01 0.000000e+00 0.000000e+00 0.000000e+00 1.000000e+00
1591342013.011146984 4.303564e+05 4.435531e+06 3.259100e+01 0.000000e+00 0.000000e+00 0.000000e+00 1.000000e+00
1591342014.011145393 4.303559e+05 4.435531e+06 3.257100e+01 0.000000e+00 0.000000e+00 0.000000e+00 1.000000e+00
1591342015.011115882 4.303553e+05 4.435531e+06 3.259400e+01 0.000000e+00 0.000000e+00 0.000000e+00 1.000000e+00
1591342016.011131779 4.303547e+05 4.435531e+06 3.254500e+01 0.000000e+00 0.000000e+00 0.000000e+00 1.000000e+00
1591342017.011140745 4.303541e+05 4.435531e+06 3.258900e+01 0.000000e+00 0.000000e+00 0.000000e+00 1.000000e+00
1591342018.011103616 4.303535e+05 4.435531e+06 3.256000e+01 0.000000e+00 0.000000e+00 0.000000e+00 1.000000e+00
1591342019.011149051 4.303529e+05 4.435531e+06 3.257700e+01 0.000000e+00 0.000000e+00 0.000000e+00 1.000000e+00
1591342020.011174319 4.303523e+05 4.435531e+06 3.255000e+01 0.000000e+00 0.000000e+00 0.000000e+00 1.000000e+00
1591342021.011100773 4.303518e+05 4.435531e+06 3.254800e+01 0.000000e+00 0.000000e+00 0.000000e+00 1.000000e+00
1591342022.011116761 4.303513e+05 4.435530e+06 3.255600e+01 0.000000e+00 0.000000e+00 0.000000e+00 1.000000e+00
1591342023.011105345 4.303509e+05 4.435530e+06 3.253000e+01 0.000000e+00 0.000000e+00 0.000000e+00 1.000000e+00
1591342024.011148598 4.303504e+05 4.435529e+06 3.254200e+01 0.000000e+00 0.000000e+00 0.000000e+00 1.000000e+00
1591342025.011155488 4.303499e+05 4.435529e+06 3.250500e+01 0.000000e+00 0.000000e+00 0.000000e+00 1.000000e+00
1591342026.011137998 4.303494e+05 4.435529e+06 3.255600e+01 0.000000e+00 0.000000e+00 0.000000e+00 1.000000e+00
1591342027.011111853 4.303491e+05 4.435528e+06 3.252300e+01 0.000000e+00 0.000000e+00 0.000000e+00 1.000000e+00
1591342028.011149965 4.303488e+05 4.435527e+06 3.249500e+01 0.000000e+00 0.000000e+00 0.000000e+00 1.000000e+00
1591342029.011189506 4.303486e+05 4.435527e+06 3.252000e+01 0.000000e+00 0.000000e+00 0.000000e+00 1.000000e+00
1591342030.011160886 4.303484e+05 4.435526e+06 3.246900e+01 0.000000e+00 0.000000e+00 0.000000e+00 1.000000e+00
1591342031.011203477 4.303482e+05 4.435526e+06 3.248500e+01 0.000000e+00 0.000000e+00 0.000000e+00 1.000000e+00
1591342032.011106540 4.303480e+05 4.435525e+06 3.247400e+01 0.000000e+00 0.000000e+00 0.000000e+00 1.000000e+00
1591342033.011117355 4.303480e+05 4.435524e+06 3.243100e+01 0.000000e+00 0.000000e+00 0.000000e+00 1.000000e+00
1591342034.011147917 4.303480e+05 4.435524e+06 3.247300e+01 0.000000e+00 0.000000e+00 0.000000e+00 1.000000e+00
1591342035.011152010 4.303482e+05 4.435523e+06 3.243300e+01 0.000000e+00 0.000000e+00 0.000000e+00 1.000000e+00
1591342036.011148126 4.303484e+05 4.435523e+06 3.241600e+01 0.000000e+00 0.000000e+00 0.000000e+00 1.000000e+00
1591342037.011113141 4.303486e+05 4.435522e+06 3.243700e+01 0.000000e+00 0.000000e+00 0.000000e+00 1.000000e+00
1591342038.011148230 4.303489e+05 4.435521e+06 3.238900e+01 0.000000e+00 0.000000e+00 0.000000e+00 1.000000e+00
1591342039.011164677 4.303492e+05 4.435521e+06 3.243100e+01 0.000000e+00 0.000000e+00 0.000000e+00 1.000000e+00
1591342040.011163872 4.303496e+05 4.435520e+06 3.240100e+01 0.000000e+00 0.000000e+00 0.000000e+00 1.000000e+00
1591342041.011122399 4.303500e+05 4.435520e+06 3.239400e+01 0.000000e+00 0.000000e+00 0.000000e+00 1.000000e+00
1591342042.011154334 4.303505e+05 4.435519e+06 3.239600e+01 0.000000e+00 0.000000e+00 0.000000e+00 1.000000e+00
1591342043.011108101 4.303510e+05 4.435519e+06 3.237300e+01 0.000000e+00 0.000000e+00 0.000000e+00 1.000000e+00
1591342044.011145186 4.303515e+05 4.435519e+06 3.237000e+01 0.000000e+00 0.000000e+00 0.000000e+00 1.000000e+00
1591342045.011106205 4.303521e+05 4.435518e+06 3.240700e+01 0.000000e+00 0.000000e+00 0.000000e+00 1.000000e+00
1591342046.011105448 4.303526e+05 4.435518e+06 3.236900e+01 0.000000e+00 0.000000e+00 0.000000e+00 1.000000e+00
1591342047.011110507 4.303532e+05 4.435518e+06 3.236200e+01 0.000000e+00 0.000000e+00 0.000000e+00 1.000000e+00
1591342048.011156380 4.303539e+05 4.435518e+06 3.240200e+01 0.000000e+00 0.000000e+00 0.000000e+00 1.000000e+00
1591342049.011114692 4.303545e+05 4.435518e+06 3.236200e+01 0.000000e+00 0.000000e+00 0.000000e+00 1.000000e+00
1591342050.011194959 4.303551e+05 4.435518e+06 3.240400e+01 0.000000e+00 0.000000e+00 0.000000e+00 1.000000e+00
1591342051.011101655 4.303557e+05 4.435518e+06 3.239500e+01 0.000000e+00 0.000000e+00 0.000000e+00 1.000000e+00
1591342052.011103153 4.303563e+05 4.435518e+06 3.239900e+01 0.000000e+00 0.000000e+00 0.000000e+00 1.000000e+00
1591342053.011119873 4.303570e+05 4.435519e+06 3.238400e+01 0.000000e+00 0.000000e+00 0.000000e+00 1.000000e+00
1591342054.011149758 4.303576e+05 4.435519e+06 3.239700e+01 0.000000e+00 0.000000e+00 0.000000e+00 1.000000e+00
1591342055.011119882 4.303581e+05 4.435519e+06 3.243200e+01 0.000000e+00 0.000000e+00 0.000000e+00 1.000000e+00
1591342056.011140773 4.303587e+05 4.435519e+06 3.237800e+01 0.000000e+00 0.000000e+00 0.000000e+00 1.000000e+00
1591342057.011128224 4.303592e+05 4.435519e+06 3.244400e+01 0.000000e+00 0.000000e+00 0.000000e+00 1.000000e+00
1591342058.011191804 4.303598e+05 4.435520e+06 3.243600e+01 0.000000e+00 0.000000e+00 0.000000e+00 1.000000e+00
1591342059.011101546 4.303603e+05 4.435520e+06 3.240100e+01 0.000000e+00 0.000000e+00 0.000000e+00 1.000000e+00
1591342060.011123144 4.303609e+05 4.435520e+06 3.244800e+01 0.000000e+00 0.000000e+00 0.000000e+00 1.000000e+00
1591342061.011140417 4.303614e+05 4.435521e+06 3.243100e+01 0.000000e+00 0.000000e+00 0.000000e+00 1.000000e+00
1591342062.011152730 4.303619e+05 4.435521e+06 3.240600e+01 0.000000e+00 0.000000e+00 0.000000e+00 1.000000e+00
1591342063.011120335 4.303623e+05 4.435522e+06 3.240800e+01 0.000000e+00 0.000000e+00 0.000000e+00 1.000000e+00
1591342064.011114527 4.303627e+05 4.435522e+06 3.244900e+01 0.000000e+00 0.000000e+00 0.000000e+00 1.000000e+00
1591342065.011109834 4.303632e+05 4.435523e+06 3.242800e+01 0.000000e+00 0.000000e+00 0.000000e+00 1.000000e+00
1591342066.011119002 4.303636e+05 4.435524e+06 3.242400e+01 0.000000e+00 0.000000e+00 0.000000e+00 1.000000e+00
1591342067.011182680 4.303640e+05 4.435524e+06 3.244900e+01 0.000000e+00 0.000000e+00 0.000000e+00 1.000000e+00
1591342068.011103100 4.303646e+05 4.435525e+06 3.246900e+01 0.000000e+00 0.000000e+00 0.000000e+00 1.000000e+00
1591342069.011120734 4.303652e+05 4.435525e+06 3.241100e+01 0.000000e+00 0.000000e+00 0.000000e+00 1.000000e+00
1591342070.011105767 4.303658e+05 4.435525e+06 3.245000e+01 0.000000e+00 0.000000e+00 0.000000e+00 1.000000e+00
1591342071.011134641 4.303664e+05 4.435526e+06 3.248500e+01 0.000000e+00 0.000000e+00 0.000000e+00 1.000000e+00
1591342072.011127166 4.303671e+05 4.435526e+06 3.248700e+01 0.000000e+00 0.000000e+00 0.000000e+00 1.000000e+00
1591342073.011131278 4.303677e+05 4.435526e+06 3.246600e+01 0.000000e+00 0.000000e+00 0.000000e+00 1.000000e+00
1591342074.011126486 4.303683e+05 4.435526e+06 3.248100e+01 0.000000e+00 0.000000e+00 0.000000e+00 1.000000e+00
1591342075.011126772 4.303689e+05 4.435526e+06 3.245900e+01 0.000000e+00 0.000000e+00 0.000000e+00 1.000000e+00
1591342076.011132717 4.303696e+05 4.435526e+06 3.244700e+01 0.000000e+00 0.000000e+00 0.000000e+00 1.000000e+00
1591342077.011158359 4.303702e+05 4.435526e+06 3.250300e+01 0.000000e+00 0.000000e+00 0.000000e+00 1.000000e+00
1591342078.011120458 4.303708e+05 4.435526e+06 3.246200e+01 0.000000e+00 0.000000e+00 0.000000e+00 1.000000e+00
1591342079.011106054 4.303714e+05 4.435526e+06 3.248900e+01 0.000000e+00 0.000000e+00 0.000000e+00 1.000000e+00
1591342080.011120567 4.303721e+05 4.435526e+06 3.249100e+01 0.000000e+00 0.000000e+00 0.000000e+00 1.000000e+00
1591342081.011126565 4.303727e+05 4.435527e+06 3.245000e+01 0.000000e+00 0.000000e+00 0.000000e+00 1.000000e+00
1591342082.011142167 4.303733e+05 4.435527e+06 3.249900e+01 0.000000e+00 0.000000e+00 0.000000e+00 1.000000e+00
1591342083.011137838 4.303740e+05 4.435527e+06 3.249400e+01 0.000000e+00 0.000000e+00 0.000000e+00 1.000000e+00
1591342084.011113156 4.303746e+05 4.435527e+06 3.249000e+01 0.000000e+00 0.000000e+00 0.000000e+00 1.000000e+00
1591342085.011117502 4.303753e+05 4.435527e+06 3.253000e+01 0.000000e+00 0.000000e+00 0.000000e+00 1.000000e+00
1591342086.011131116 4.303760e+05 4.435527e+06 3.253400e+01 0.000000e+00 0.000000e+00 0.000000e+00 1.000000e+00
1591342087.011143208 4.303767e+05 4.435527e+06 3.251700e+01 0.000000e+00 0.000000e+00 0.000000e+00 1.000000e+00
1591342088.011161416 4.303774e+05 4.435527e+06 3.254900e+01 0.000000e+00 0.000000e+00 0.000000e+00 1.000000e+00
1591342089.011096445 4.303782e+05 4.435527e+06 3.256900e+01 0.000000e+00 0.000000e+00 0.000000e+00 1.000000e+00
1591342090.011135707 4.303788e+05 4.435527e+06 3.254300e+01 0.000000e+00 0.000000e+00 0.000000e+00 1.000000e+00
1591342091.011128661 4.303795e+05 4.435528e+06 3.251500e+01 0.000000e+00 0.000000e+00 0.000000e+00 1.000000e+00
1591342092.011121622 4.303802e+05 4.435528e+06 3.254900e+01 0.000000e+00 0.000000e+00 0.000000e+00 1.000000e+00
1591342093.011138914 4.303809e+05 4.435528e+06 3.258400e+01 0.000000e+00 0.000000e+00 0.000000e+00 1.000000e+00
1591342094.011139481 4.303816e+05 4.435528e+06 3.254300e+01 0.000000e+00 0.000000e+00 0.000000e+00 1.000000e+00
1591342095.011152120 4.303824e+05 4.435528e+06 3.253900e+01 0.000000e+00 0.000000e+00 0.000000e+00 1.000000e+00
1591342096.011124361 4.303831e+05 4.435528e+06 3.260500e+01 0.000000e+00 0.000000e+00 0.000000e+00 1.000000e+00
1591342097.011130795 4.303839e+05 4.435528e+06 3.260200e+01 0.000000e+00 0.000000e+00 0.000000e+00 1.000000e+00
1591342098.011151797 4.303846e+05 4.435528e+06 3.260000e+01 0.000000e+00 0.000000e+00 0.000000e+00 1.000000e+00
1591342099.011216596 4.303853e+05 4.435529e+06 3.258500e+01 0.000000e+00 0.000000e+00 0.000000e+00 1.000000e+00
1591342100.011141534 4.303861e+05 4.435529e+06 3.260700e+01 0.000000e+00 0.000000e+00 0.000000e+00 1.000000e+00
1591342101.011134591 4.303868e+05 4.435529e+06 3.263400e+01 0.000000e+00 0.000000e+00 0.000000e+00 1.000000e+00
1591342102.011125631 4.303876e+05 4.435529e+06 3.262100e+01 0.000000e+00 0.000000e+00 0.000000e+00 1.000000e+00
1591342103.011145965 4.303883e+05 4.435529e+06 3.257400e+01 0.000000e+00 0.000000e+00 0.000000e+00 1.000000e+00
1591342104.011146483 4.303891e+05 4.435529e+06 3.257300e+01 0.000000e+00 0.000000e+00 0.000000e+00 1.000000e+00
1591342105.011135901 4.303898e+05 4.435529e+06 3.259200e+01 0.000000e+00 0.000000e+00 0.000000e+00 1.000000e+00
1591342106.011151104 4.303905e+05 4.435530e+06 3.264900e+01 0.000000e+00 0.000000e+00 0.000000e+00 1.000000e+00
1591342107.011143011 4.303912e+05 4.435530e+06 3.265800e+01 0.000000e+00 0.000000e+00 0.000000e+00 1.000000e+00
1591342108.011117021 4.303919e+05 4.435530e+06 3.261000e+01 0.000000e+00 0.000000e+00 0.000000e+00 1.000000e+00
1591342109.011167798 4.303926e+05 4.435531e+06 3.261200e+01 0.000000e+00 0.000000e+00 0.000000e+00 1.000000e+00
1591342110.011131404 4.303931e+05 4.435531e+06 3.265100e+01 0.000000e+00 0.000000e+00 0.000000e+00 1.000000e+00
1591342111.011121697 4.303933e+05 4.435532e+06 3.276500e+01 0.000000e+00 0.000000e+00 0.000000e+00 1.000000e+00
1591342112.011125111 4.303934e+05 4.435533e+06 3.277200e+01 0.000000e+00 0.000000e+00 0.000000e+00 1.000000e+00
1591342113.011124533 4.303933e+05 4.435533e+06 3.277900e+01 0.000000e+00 0.000000e+00 0.000000e+00 1.000000e+00
1591342114.011114092 4.303931e+05 4.435534e+06 3.283800e+01 0.000000e+00 0.000000e+00 0.000000e+00 1.000000e+00
1591342115.011154627 4.303929e+05 4.435535e+06 3.284500e+01 0.000000e+00 0.000000e+00 0.000000e+00 1.000000e+00
1591342116.011119595 4.303927e+05 4.435535e+06 3.281100e+01 0.000000e+00 0.000000e+00 0.000000e+00 1.000000e+00
1591342117.011143788 4.303924e+05 4.435536e+06 3.281300e+01 0.000000e+00 0.000000e+00 0.000000e+00 1.000000e+00
1591342118.011133216 4.303920e+05 4.435536e+06 3.283200e+01 0.000000e+00 0.000000e+00 0.000000e+00 1.000000e+00
1591342119.011161864 4.303918e+05 4.435537e+06 3.277800e+01 0.000000e+00 0.000000e+00 0.000000e+00 1.000000e+00
1591342120.011139570 4.303914e+05 4.435537e+06 3.282000e+01 0.000000e+00 0.000000e+00 0.000000e+00 1.000000e+00
1591342121.011148335 4.303911e+05 4.435538e+06 3.284700e+01 0.000000e+00 0.000000e+00 0.000000e+00 1.000000e+00
1591342122.011155690 4.303908e+05 4.435538e+06 3.282800e+01 0.000000e+00 0.000000e+00 0.000000e+00 1.000000e+00
1591342123.011105722 4.303906e+05 4.435538e+06 3.279900e+01 0.000000e+00 0.000000e+00 0.000000e+00 1.000000e+00
1591342124.011108365 4.303906e+05 4.435537e+06 3.280900e+01 0.000000e+00 0.000000e+00 0.000000e+00 1.000000e+00
1591342125.011149240 4.303906e+05 4.435537e+06 3.280600e+01 0.000000e+00 0.000000e+00 0.000000e+00 1.000000e+00
1591342126.011128754 4.303906e+05 4.435537e+06 3.282000e+01 0.000000e+00 0.000000e+00 0.000000e+00 1.000000e+00
1591342127.011130952 4.303906e+05 4.435538e+06 3.281600e+01 0.000000e+00 0.000000e+00 0.000000e+00 1.000000e+00
1591342128.011124106 4.303906e+05 4.435538e+06 3.280600e+01 0.000000e+00 0.000000e+00 0.000000e+00 1.000000e+00
1591342129.011139858 4.303907e+05 4.435538e+06 3.278700e+01 0.000000e+00 0.000000e+00 0.000000e+00 1.000000e+00
1591342130.011116422 4.303907e+05 4.435538e+06 3.281300e+01 0.000000e+00 0.000000e+00 0.000000e+00 1.000000e+00
